95
50 100
 100 150
 150 200
 200 150
 250 100
 150 100
 50 200
 100 250
 50 300
 100 350
 50 400
 150 300
 200 250
 250 200
 300 150
 350 100
 400 150
 450 100
 350 200
 300 250
 250 300
 200 350
 150 400
 100 450
 50 500
 150 500
 200 450
 250 400
 300 350
 350 300
 400 250
 450 200
 500 150
 550 100
 600 150
 550 200
 500 250
 450 300
 650 100
 700 150
 650 200
 600 250
 550 300
 500 350
 450 400
 400 450
 350 500
 300 450
 250 500
 350 400
 400 350
 750 100
 800 150
 850 100
 750 200
 700 250
 650 300
 600 350
 550 400
 500 450
 450 500
 550 500
 600 450
 650 400
 700 350
 750 300
 800 250
 850 200
 900 150
 950 100
 1000 150
 1050 100
 950 200
 900 250
 850 300
 800 350
 750 400
 700 450
 650 500
 750 500
 800 450
 850 400
 900 350
 950 300
 1000 250
 1050 200
 1050 300
 1000 350
 950 400
 900 450
 850 500
 1000 450
 1050 400
 950 500
 1050 500
 